# oST version 5.0 parameters


[image]

width
640

height
480

[narrow_stereo]

camera matrix
653.325016 0.000000 323.261137
0.000000 657.751460 231.274239
0.000000 0.000000 1.000000

distortion
0.052520 -0.105545 0.002344 -0.004994 0.000000

rectification
1.000000 0.000000 0.000000
0.000000 1.000000 0.000000
0.000000 0.000000 1.000000

projection
657.277649 0.000000 320.258397 0.000000
0.000000 663.226440 231.615975 0.000000
0.000000 0.000000 1.000000 0.000000
