# oST version 5.0 parameters


[image]

width
1920

height
1080

[narrow_stereo]

camera matrix
1432.497678 0.000000 956.580291
0.000000 1436.061785 507.306230
0.000000 0.000000 1.000000

distortion
0.013632 -0.071996 -0.000412 -0.004167 0.000000

rectification
1.000000 0.000000 0.000000
0.000000 1.000000 0.000000
0.000000 0.000000 1.000000

projection
1418.706665 0.000000 947.304254 0.000000
0.000000 1437.148926 506.386272 0.000000
0.000000 0.000000 1.000000 0.000000
