# oST version 5.0 parameters


[image]

width
1280

height
720

[narrow_stereo]

camera matrix
974.779795 0.000000 625.947722
0.000000 979.877518 342.092178
0.000000 0.000000 1.000000

distortion
0.042615 -0.104423 -0.003163 -0.006316 0.000000

rectification
1.000000 0.000000 0.000000
0.000000 1.000000 0.000000
0.000000 0.000000 1.000000

projection
972.075928 0.000000 616.472164 0.000000
0.000000 986.724792 339.840417 0.000000
0.000000 0.000000 1.000000 0.000000
